-----Original LSI with r = 20-----
Homogeneity	0.2812
Completeness	0.3373
V-measure	0.3067
Adjusted Rand	0.0803
Adjusted Mutual	0.2789
Contingency Matrix
           cluster_0  cluster_1  cluster_2  cluster_3  cluster_4  cluster_5  cluster_6  cluster_7  cluster_8  cluster_9  cluster_10 cluster_11 cluster_12 cluster_13 cluster_14 cluster_15 cluster_16 cluster_17 cluster_18 cluster_19 
class_0	   2          0          0          0          40         4          0          0          96         0          350        0          1          1          245        0          6          2          40         12         
class_1	   0          29         48         0          108        0          4          0          0          232        31         0          35         0          201        56         133        3          93         0          
class_2	   0          294        34         0          65         0          1          17         1          125        15         0          59         0          185        70         56         1          61         1          
class_3	   3          40         167        0          73         0          1          183        0          18         6          0          12         3          151        184        88         4          49         0          
class_4	   0          4          294        0          98         0          1          98         0          10         5          0          13         1          214        89         96         1          39         0          
class_5	   0          44         10         0          65         0          4          1          0          77         4          0          385        0          215        8          95         7          73         0          
class_6	   39         11         381        0          46         0          68         52         0          1          5          0          1          14         176        34         29         0          117        1          
class_7	   343        0          8          0          187        0          3          3          0          1          30         0          4          0          339        0          31         1          28         12         
class_8	   89         0          11         0          393        0          0          13         2          0          27         0          2          3          373        0          27         0          46         10         
class_9	   1          0          0          0          120        0          7          0          1          2          40         0          0          352        395        0          32         1          43         0          
class_10	  1          0          2          0          35         0          22         0          0          0          25         0          0          561        309        0          14         0          30         0          
class_11	  1          5          17         0          130        0          2          0          0          15         56         0          1          0          229        3          13         329        63         127        
class_12	  20         3          91         0          367        0          1          11         1          16         7          0          5          2          295        10         86         6          58         5          
class_13	  0          0          2          0          302        0          1          0          4          2          126        71         0          0          378        0          53         0          48         3          
class_14	  1          0          6          0          501        0          1          0          0          16         45         0          1          2          322        0          21         0          56         15         
class_15	  0          1          0          0          40         4          0          0          315        0          394        0          0          0          194        0          19         0          24         6          
class_16	  2          0          0          0          70         2          3          0          3          3          65         0          1          1          271        1          5          1          31         451        
class_17	  0          0          0          167        36         282        3          0          5          0          120        0          0          0          269        0          4          0          18         36         
class_18	  2          0          1          0          92         1          0          1          1          0          188        0          0          1          274        0          7          0          12         195        
class_19	  2          0          0          0          33         4          0          0          93         1          201        2          0          2          216        0          4          0          12         58         
-----[NMF] r = 10-----
Homogeneity	0.0920
Completeness	0.1499
V-measure	0.1141
Adjusted Rand	0.0068
Adjusted Mutual	0.0890
Contingency Matrix
           cluster_0  cluster_1  cluster_2  cluster_3  cluster_4  cluster_5  cluster_6  cluster_7  cluster_8  cluster_9  cluster_10 cluster_11 cluster_12 cluster_13 cluster_14 cluster_15 cluster_16 cluster_17 cluster_18 cluster_19 
class_0	   453        20         0          0          87         1          0          0          0          7          0          2          78         0          9          84         0          0          58         0          
class_1	   491        44         45         0          0          6          1          1          5          114        27         0          117        0          35         11         0          0          66         10         
class_2	   323        31         282        0          1          0          9          2          1          32         38         0          61         1          38         15         0          0          23         128        
class_3	   378        37         55         1          0          2          93         47         1          81         91         0          73         2          54         6          0          0          55         6          
class_4	   444        37         3          0          0          3          62         31         2          92         39         0          102        1          61         15         0          0          69         2          
class_5	   520        41         79         0          0          1          1          0          5          92         5          0          101        3          51         9          0          0          59         21         
class_6	   565        33         24         6          1          23         41         13         58         46         30         19         77         1          5          8          0          0          23         2          
class_7	   443        46         10         0          0          0          15         0          2          38         1          188        118        3          38         24         0          0          64         0          
class_8	   606        43         3          1          2          2          21         0          0          30         1          24         157        1          17         24         1          0          63         0          
class_9	   590        34         0          21         2          125        1          0          2          33         0          1          102        2          9          15         0          0          57         0          
class_10	  535        32         0          55         0          187        0          0          7          15         1          1          90         0          9          23         0          0          44         0          
class_11	  593        22         2          0          1          1          0          0          2          18         2          1          146        19         14         86         2          0          81         1          
class_12	  574        41         4          0          1          8          7          1          2          68         10         10         133        2          25         17         0          0          80         1          
class_13	  582        27         1          0          4          0          0          0          0          40         0          0          154        1          29         55         0          0          97         0          
class_14	  635        47         0          0          0          3          0          0          1          26         0          0          146        1          21         36         1          0          70         0          
class_15	  474        31         0          0          198        0          0          0          0          21         0          0          108        1          13         78         0          0          72         1          
class_16	  510        28         0          0          4          4          0          0          3          9          3          4          118        2          10         106        43         0          66         0          
class_17	  542        19         0          0          6          0          0          0          3          7          0          2          132        1          8          111        0          57         52         0          
class_18	  442        18         1          0          2          4          3          0          1          7          0          1          109        3          15         115        2          0          52         0          
class_19	  386        15         1          1          60         4          0          0          0          4          0          2          53         0          5          44         4          0          49         0          
-----Normalization LSI with r = 20-----
Homogeneity	0.2534
Completeness	0.3082
V-measure	0.2781
Adjusted Rand	0.0629
Adjusted Mutual	0.2510
Contingency Matrix
           cluster_0  cluster_1  cluster_2  cluster_3  cluster_4  cluster_5  cluster_6  cluster_7  cluster_8  cluster_9  cluster_10 cluster_11 cluster_12 cluster_13 cluster_14 cluster_15 cluster_16 cluster_17 cluster_18 cluster_19 
class_0	   1          99         277        11         6          2          1          0          290        0          2          46         0          0          0          2          0          4          12         46         
class_1	   28         0          210        164        123        208        1          0          45         0          3          66         25         0          56         0          4          0          0          40         
class_2	   38         1          211        56         56         132        0          0          24         0          1          62         275        16         72         0          1          0          1          39         
class_3	   14         0          219        48         75         19         3          0          13         0          5          72         39         182        187        2          1          0          0          103        
class_4	   15         0          318        79         83         8          1          0          24         0          1          72         4          102        117        0          1          0          0          138        
class_5	   355        0          240        62         89         65         0          0          10         0          8          57         45         1          9          0          4          0          0          43         
class_6	   0          0          321        28         29         2          25         0          8          0          1          277        17         64         49         38         72         0          0          44         
class_7	   4          0          384        9          30         1          0          0          41         0          1          35         0          3          0          334        3          0          9          136        
class_8	   2          3          382        6          25         1          2          0          38         0          0          52         1          13         1          58         0          0          5          407        
class_9	   1          1          421        11         27         2          330        0          56         0          1          49         0          0          0          1          7          0          0          87         
class_10	  0          0          315        1          13         1          538        0          30         0          0          32         0          0          1          1          22         0          1          44         
class_11	  1          0          259        68         13         15         1          0          74         0          327        65         5          0          3          1          2          0          84         73         
class_12	  5          1          379        157        82         12         2          0          21         0          6          62         3          13         13         18         1          0          5          204        
class_13	  0          4          422        93         48         1          0          71         122        0          0          37         0          0          0          0          1          0          2          189        
class_14	  1          0          307        477        21         10         0          0          43         0          0          33         0          0          0          1          1          0          6          87         
class_15	  0          307        231        17         21         1          0          0          296        0          0          20         1          0          0          0          0          4          7          92         
class_16	  1          3          257        10         5          3          1          0          57         0          1          38         0          0          1          3          4          2          458        66         
class_17	  0          5          295        7          4          1          0          0          98         165        0          19         0          0          1          0          3          275        20         47         
class_18	  0          1          283        50         5          0          1          0          197        0          0          18         0          1          0          2          0          1          158        58         
class_19	  0          90         236        2          3          1          2          2          169        0          0          14         0          0          0          2          0          5          57         45         
-----Normalization NMF with r = 10-----
Homogeneity	0.2643
Completeness	0.3097
V-measure	0.2852
Adjusted Rand	0.0815
Adjusted Mutual	0.2619
Contingency Matrix
           cluster_0  cluster_1  cluster_2  cluster_3  cluster_4  cluster_5  cluster_6  cluster_7  cluster_8  cluster_9  cluster_10 cluster_11 cluster_12 cluster_13 cluster_14 cluster_15 cluster_16 cluster_17 cluster_18 cluster_19 
class_0	   18         1          0          227        52         47         95         0          0          0          1          0          0          0          4          0          223        15         115        1          
class_1	   186        4          32         210        0          1          112        81         0          0          0          0          6          176        104        31         9          16         0          5          
class_2	   59         0          236        164        0          1          61         46         0          0          0          6          19         279        42         47         11         10         1          3          
class_3	   109        3          15         102        0          0          65         212        0          1          0          99         141        72         33         104        3          15         0          8          
class_4	   100        2          4          177        0          0          116        257        0          0          0          31         109        19         36         73         5          25         0          9          
class_5	   133        1          53         246        0          1          86         24         0          0          0          0          1          350        57         6          6          7          0          17         
class_6	   106        21         6          161        0          0          146        271        0          8          0          27         57         20         24         74         7          41         1          5          
class_7	   55         0          0          188        0          4          345        5          0          0          0          2          9          5          14         0          38         321        2          2          
class_8	   47         2          0          222        0          0          418        2          0          1          0          0          22         1          10         0          38         228        5          0          
class_9	   41         377        0          287        0          1          114        3          0          100        0          0          1          1          26         1          21         17         3          1          
class_10	  20         462        0          192        0          0          43         9          0          234        0          0          0          0          13         1          15         8          2          0          
class_11	  40         1          4          185        0          30         90         14         0          0          151        0          1          11         10         1          97         12         1          343        
class_12	  128        4          2          207        0          1          393        57         0          0          0          2          18         18         35         4          11         77         1          26         
class_13	  108        0          1          276        3          4          345        3          71         0          0          0          0          0          18         0          102        56         2          1          
class_14	  63         5          0          253        0          7          419        14         0          0          0          0          0          5          15         0          64         140        2          0          
class_15	  37         0          1          195        157        17         68         0          0          0          0          0          0          0          7          0          129        7          379        0          
class_16	  16         2          1          196        1          180        94         6          0          0          0          0          0          0          1          0          386        16         7          4          
class_17	  8          1          0          167        2          305        32         3          0          0          0          0          0          0          1          0          408        4          7          2          
class_18	  11         4          0          191        0          120        86         1          0          0          0          0          3          1          5          0          335        14         4          0          
class_19	  12         3          0          197        55         36         62         0          2          0          0          0          0          1          2          0          147        7          103        1          
-----Logarithm NMF with r = 10-----
Homogeneity	0.1804
Completeness	0.1817
V-measure	0.1810
Adjusted Rand	0.0703
Adjusted Mutual	0.1778
Contingency Matrix
           cluster_0  cluster_1  cluster_2  cluster_3  cluster_4  cluster_5  cluster_6  cluster_7  cluster_8  cluster_9  cluster_10 cluster_11 cluster_12 cluster_13 cluster_14 cluster_15 cluster_16 cluster_17 cluster_18 cluster_19 
class_0	   125        1          28         97         59         17         1          17         23         8          48         0          16         17         165        23         36         110        0          8          
class_1	   19         45         219        10         39         3          170        15         24         4          90         174        45         13         6          2          3          4          28         60         
class_2	   13         86         105        9          137        11         285        3          52         16         69         85         37         19         11         12         1          10         15         9          
class_3	   7          169        141        6          66         11         55         31         33         12         24         167        36         8          6          6          4          8          149        43         
class_4	   14         147        161        6          60         18         26         33         44         14         11         125        27         11         16         13         13         6          194        24         
class_5	   7          43         205        4          84         9          170        2          17         5          197        136        32         22         1          6          0          4          8          36         
class_6	   26         135        42         23         7          46         35         45         22         59         11         103        49         37         5          5          7          6          293        19         
class_7	   24         75         24         69         20         255        5          28         58         48         14         21         11         71         37         7          44         5          66         108        
class_8	   52         37         15         116        34         232        3          43         33         57         25         13         11         68         50         6          47         8          55         91         
class_9	   130        4          11         240        20         0          7          25         50         231        26         4          46         88         5          16         41         9          6          35         
class_10	  112        1          5          200        7          6          1          21         27         372        15         2          53         89         4          20         35         15         1          13         
class_11	  9          45         72         7          51         10         14         164        69         8          103        28         57         10         6          75         207        29         8          19         
class_12	  16         115        127        18         50         52         9          83         28         13         43         143        24         27         18         6          37         3          107        65         
class_13	  91         12         77         79         69         65         3          80         55         12         63         10         12         90         140        12         69         9          6          36         
class_14	  57         28         109        73         75         90         7          74         35         27         77         32         13         56         65         5          85         4          18         57         
class_15	  169        6          41         95         50         1          5          23         23         14         46         5          28         9          200        5          21         243        2          11         
class_16	  49         0          41         92         80         22         5          86         27         1          40         0          40         95         35         119        137        37         1          3          
class_17	  52         0          23         101        37         22         0          40         25         1          17         1          38         97         53         318        45         65         2          3          
class_18	  56         0          44         73         76         16         1          83         25         6          35         1          25         51         51         90         101        35         0          6          
class_19	  96         1          27         65         38         10         2          22         26         10         23         1          12         11         102        22         40         117        1          2          
-----Logarithm + Normalization NMF with r = 10-----
Homogeneity	0.1966
Completeness	0.1977
V-measure	0.1971
Adjusted Rand	0.0791
Adjusted Mutual	0.1940
Contingency Matrix
           cluster_0  cluster_1  cluster_2  cluster_3  cluster_4  cluster_5  cluster_6  cluster_7  cluster_8  cluster_9  cluster_10 cluster_11 cluster_12 cluster_13 cluster_14 cluster_15 cluster_16 cluster_17 cluster_18 cluster_19 
class_0	   4          146        3          0          165        31         9          3          75         1          20         8          23         3          12         3          130        126        19         18         
class_1	   45         20         40         174        9          11         13         43         87         5          121        34         38         170        36         106        7          6          3          5          
class_2	   20         11         57         261        26         15         10         99         63         16         71         10         53         124        31         58         26         15         15         4          
class_3	   6          8          213        53         5          6          11         195        18         9          60         44         38         68         26         200        5          11         6          0          
class_4	   8          5          219        24         9          4          20         183        11         3          65         82         46         44         34         170        11         8          13         4          
class_5	   84         12         31         167        13         17         12         29         141        6          140        7          26         163        17         99         7          5          9          3          
class_6	   5          10         131        33         23         15         70         135        10         40         39         142        26         33         139        102        6          8          6          2          
class_7	   40         42         31         7          69         87         300        90         16         10         9          56         60         28         54         17         23         6          8          37         
class_8	   28         58         26         3          68         152        272        64         19         11         18         40         35         15         45         13         52         11         6          60         
class_9	   19         90         4          5          158        143        8          15         30         233        23         25         54         4          74         4          51         14         11         29         
class_10	  15         78         3          0          117        141        5          7          16         385        8          25         27         3          68         2          35         21         11         32         
class_11	  149        17         0          13         4          13         5          36         125        2          87         17         34         17         13         68         36         36         97         222        
class_12	  87         20         53         11         15         25         57         108        50         9          79         85         31         69         33         183        12         5          7          45         
class_13	  17         47         6          4          28         68         22         16         29         3          109        17         36         4          161        6          360        8          11         38         
class_14	  51         69         11         4          83         85         83         53         78         7          71         49         39         38         46         46         59         6          7          102        
class_15	  1          208        7          1          173        5          3          8          98         1          32         7          24         3          5          3          154        258        4          2          
class_16	  1          52         2          5          52         128        3          31         64         1          52         44         27         11         51         3          46         39         131        167        
class_17	  2          74         5          1          55         151        5          7          27         1          22         29         26         3          38         4          45         76         314        55         
class_18	  1          65         3          1          74         82         6          15         60         2          46         28         28         6          24         7          58         44         93         132        
class_19	  0          112        1          2          88         20         9          9          59         5          19         3          27         2          6          5          98         120        21         22         
-----Normalization + Logarithm NMF with r = 10-----
Homogeneity	0.1362
Completeness	0.1369
V-measure	0.1365
Adjusted Rand	0.0458
Adjusted Mutual	0.1334
Contingency Matrix
           cluster_0  cluster_1  cluster_2  cluster_3  cluster_4  cluster_5  cluster_6  cluster_7  cluster_8  cluster_9  cluster_10 cluster_11 cluster_12 cluster_13 cluster_14 cluster_15 cluster_16 cluster_17 cluster_18 cluster_19 
class_0	   47         91         7          43         17         63         23         4          61         103        50         1          27         33         67         6          7          3          32         114        
class_1	   41         15         91         149        5          3          134        25         0          24         61         137        18         20         4          171        6          39         8          22         
class_2	   74         24         66         83         14         2          75         12         2          88         44         61         9          71         13         214        24         75         11         23         
class_3	   51         20         28         38         10         2          150        57         1          16         24         168        52         89         10         100        17         117        23         9          
class_4	   47         14         11         41         12         4          186        92         6          7          11         139        70         99         15         61         10         104        21         13         
class_5	   36         25         150        152        6          0          116        5          0          44         113        101        6          39         10         108        14         42         2          19         
class_6	   28         7          4          29         58         2          40         191        1          2          9          143        127        14         3          62         60         132        49         14         
class_7	   59         67         34         18         218        51         24         138        71         19         14         20         40         26         8          8          5          91         36         43         
class_8	   35         52         33         27         192        86         11         111        99         35         20         18         41         29         8          4          3          48         49         95         
class_9	   50         4          24         34         83         151        6          33         1          87         45         6          49         12         12         2          122        11         79         183        
class_10	  27         4          21         11         88         152        5          22         3          57         23         5          42         7          14         1          250        5          69         193        
class_11	  70         40         61         56         28         71         59         4          63         45         115        27         49         40         113        7          18         48         22         55         
class_12	  31         31         57         66         34         14         117        70         25         18         40         172        73         45         6          13         14         113        25         20         
class_13	  60         148        16         84         31         57         40         16         92         80         61         7          76         35         17         3          2          11         39         115        
class_14	  37         63         54         78         59         57         68         37         77         67         66         28         62         56         7          6          3          29         43         90         
class_15	  79         131        6          59         21         62         41         4          32         81         52         6          73         29         88         21         19         10         67         116        
class_16	  29         59         1          65         2          85         23         4          67         64         56         0          84         73         132        7          1          0          70         88         
class_17	  25         84         1          35         5          70         22         3          42         40         21         2          64         26         308        11         2          0          82         97         
class_18	  26         54         0          48         5          64         29         3          56         52         44         1          74         57         100        6          2          0          75         79         
class_19	  61         61         1          38         14         59         24         3          34         48         35         3          29         24         58         7          12         1          37         79         

