-----Original LSI with r = 100-----
Homogeneity	0.2871
Completeness	0.3915
V-measure	0.3313
Adjusted Rand	0.0595
Adjusted Mutual	0.2848
Contingency Matrix
           cluster_0  cluster_1  cluster_2  cluster_3  cluster_4  cluster_5  cluster_6  cluster_7  cluster_8  cluster_9  cluster_10 cluster_11 cluster_12 cluster_13 cluster_14 cluster_15 cluster_16 cluster_17 cluster_18 cluster_19 
class_0	   5          84         283        51         0          2          2          353        0          0          9          1          6          0          0          1          0          0          2          0          
class_1	   206        0          31         0          29         2          0          341        138        4          150        0          0          0          0          22         50         0          0          0          
class_2	   143        1          24         0          296        1          0          263        79         1          62         0          0          16         0          26         73         0          0          0          
class_3	   17         0          7          0          42         3          0          187        289        1          93         3          0          179        0          4          155        0          2          0          
class_4	   10         0          6          0          4          1          0          226        469        1          90         1          0          98         0          2          55         0          0          0          
class_5	   56         0          13         0          50         9          0          324        33         5          104        0          0          1          0          384        9          0          0          0          
class_6	   0          0          13         0          12         0          0          263        433        62         54         16         0          52         3          1          39         0          27         0          
class_7	   1          0          55         0          0          1          0          539        22         2          35         0          1          3          0          4          0          0          327        0          
class_8	   0          2          56         0          0          0          0          610        7          0          26         2          0          12         256        1          0          0          24         0          
class_9	   2          1          40         0          0          1          0          529        0          2          43         375        0          0          0          0          0          0          1          0          
class_10	  0          0          30         0          0          0          0          335        3          8          22         600        0          0          0          0          0          0          1          0          
class_11	  15         0          184        0          5          339        0          366        50         1          20         0          9          0          0          1          0          0          1          0          
class_12	  11         1          21         0          4          6          0          576        235        1          85         2          0          12         1          2          10         0          17         0          
class_13	  2          4          193        0          1          0          0          649        6          0          63         0          1          0          0          0          0          71         0          0          
class_14	  16         0          161        0          0          0          0          749        25         1          32         2          0          0          0          0          0          0          1          0          
class_15	  1          179        117        404        1          0          1          268        1          0          22         0          3          0          0          0          0          0          0          0          
class_16	  3          3          345        4          0          1          2          352        0          3          6          1          185        0          0          1          1          0          3          0          
class_17	  0          5          166        3          0          0          271        324        0          2          4          0          3          0          0          0          0          0          0          162        
class_18	  0          1          367        0          0          0          1          336        0          0          8          1          58         1          0          0          0          0          2          0          
class_19	  1          48         116        119        0          0          2          283        0          0          6          0          50         0          0          0          0          1          2          0          
-----Original NMF with r = 100-----
Homogeneity	0.0792
Completeness	0.1362
V-measure	0.1001
Adjusted Rand	0.0070
Adjusted Mutual	0.0761
Contingency Matrix
           cluster_0  cluster_1  cluster_2  cluster_3  cluster_4  cluster_5  cluster_6  cluster_7  cluster_8  cluster_9  cluster_10 cluster_11 cluster_12 cluster_13 cluster_14 cluster_15 cluster_16 cluster_17 cluster_18 cluster_19 
class_0	   5          8          45         99         0          1          0          45         0          0          1          447        19         0          82         0          0          0          8          39         
class_1	   75         28         37         2          0          71         20         90         5          0          0          438        24         124        5          0          0          12         20         22         
class_2	   48         96         48         2          0          114        13         59         4          0          0          471        37         15         6          5          1          11         19         36         
class_3	   87         79         29         0          0          28         3          72         14         0          1          452        20         12         8          0          0          115        27         35         
class_4	   30         81         33         0          0          11         3          90         18         0          3          456        17         27         12         0          0          115        32         35         
class_5	   58         39         51         1          0          21         323        50         1          0          0          347        26         31         6          0          0          2          9          23         
class_6	   10         5          18         0          4          4          1          39         25         0          5          733        6          6          3          0          0          20         3          93         
class_7	   14         43         49         1          0          2          2          84         3          0          0          663        17         1          15         0          0          7          29         60         
class_8	   15         21         70         0          0          3          1          76         0          0          4          684        27         1          4          0          0          15         17         58         
class_9	   13         6          45         2          67         2          0          64         0          0          0          686        9          0          35         0          0          0          23         42         
class_10	  12         5          56         2          157        0          0          52         0          0          3          613        12         0          18         0          0          2          23         44         
class_11	  8          13         78         1          0          18         5          73         1          0          1          637        17         9          36         0          0          0          11         83         
class_12	  56         23         51         0          0          15         0          95         9          0          2          589        37         9          8          0          0          23         13         54         
class_13	  33         24         45         19         0          3          0          83         0          71         1          548        33         5          32         0          43         0          18         32         
class_14	  12         19         53         4          0          18         1          60         0          0          3          671        17         6          20         23         0          0          28         52         
class_15	  8          10         79         33         0          3          0          72         0          0          0          522        13         3          197        0          0          0          17         40         
class_16	  10         9          62         1          0          1          0          56         0          0          0          604        15         0          55         1          1          0          31         64         
class_17	  9          8          57         9          1          0          0          53         0          0          0          705        18         0          31         0          0          0          13         36         
class_18	  3          12         42         10         2          1          0          46         0          0          1          515        17         0          45         0          0          1          16         64         
class_19	  3          3          46         56         0          3          1          41         1          2          0          357        9          1          64         0          0          2          15         24         
-----Normalization LSI with r = 100-----
Homogeneity	0.2430
Completeness	0.3979
V-measure	0.3018
Adjusted Rand	0.0276
Adjusted Mutual	0.2406
Contingency Matrix
           cluster_0  cluster_1  cluster_2  cluster_3  cluster_4  cluster_5  cluster_6  cluster_7  cluster_8  cluster_9  cluster_10 cluster_11 cluster_12 cluster_13 cluster_14 cluster_15 cluster_16 cluster_17 cluster_18 cluster_19 
class_0	   7          2          89         2          33         0          0          0          1          0          637        5          16         2          0          1          0          0          0          4          
class_1	   0          0          0          0          17         0          23         0          3          34         559        57         0          2          197        47         0          5          16         13         
class_2	   0          0          1          0          27         0          137        0          0          65         417        48         0          3          72         171        0          1          32         11         
class_3	   0          2          0          0          31         0          58         0          2          372        382        59         0          5          15         53         0          1          1          1          
class_4	   0          0          0          0          12         0          1          0          1          481        371        50         0          2          5          34         0          1          1          4          
class_5	   0          0          0          0          19         0          13         0          1          7          448        35         0          11         30         10         0          5          404        5          
class_6	   1          33         0          0          28         0          23         0          19         121        563        102        0          1          1          21         0          59         1          2          
class_7	   6          321        0          0          16         0          0          0          0          2          606        25         0          1          0          6          0          2          5          0          
class_8	   1          283        4          0          29         1          0          0          3          9          639        16         2          0          0          6          0          0          2          1          
class_9	   0          1          2          0          25         224        0          0          103        0          605        25         0          1          5          0          0          2          1          0          
class_10	  2          1          0          0          1          421        0          0          202        0          340        22         0          0          0          0          0          8          0          2          
class_11	  15         0          0          0          40         1          8          0          0          7          530        25         0          354        2          4          0          1          0          4          
class_12	  2          14         1          0          23         0          2          0          3          35         824        46         0          6          4          15         0          1          1          7          
class_13	  1          1          4          0          11         0          1          0          0          1          876        19         2          0          2          1          71         0          0          0          
class_14	  1          0          0          0          9          3          0          0          1          1          587        16         0          0          14         1          0          1          0          353        
class_15	  7          0          217        0          9          0          0          0          0          0          686        16         58         0          1          0          0          0          0          3          
class_16	  360        2          4          2          50         1          0          0          1          0          473        8          1          0          0          0          0          3          1          4          
class_17	  3          0          7          272        5          1          0          162        0          0          481        6          1          0          0          0          0          2          0          0          
class_18	  66         1          3          1          15         0          0          0          1          1          589        6          90         0          0          0          0          1          0          1          
class_19	  66         2          66         2          6          1          0          0          2          0          458        6          13         0          0          3          2          0          0          1          
-----Normalization NMF with r = 100-----
Homogeneity	0.2892
Completeness	0.4236
V-measure	0.3437
Adjusted Rand	0.0599
Adjusted Mutual	0.2868
Contingency Matrix
           cluster_0  cluster_1  cluster_2  cluster_3  cluster_4  cluster_5  cluster_6  cluster_7  cluster_8  cluster_9  cluster_10 cluster_11 cluster_12 cluster_13 cluster_14 cluster_15 cluster_16 cluster_17 cluster_18 cluster_19 
class_0	   386        6          3          23         0          0          2          0          0          265        0          4          2          1          12         0          0          38         57         0          
class_1	   345        0          0          0          6          0          0          0          246        0          9          10         5          0          344        0          0          0          0          8          
class_2	   286        0          0          0          6          0          0          5          459        3          12         6          1          0          170        0          0          3          0          34         
class_3	   247        0          0          0          29         0          0          0          72         1          59         0          7          0          302        0          3          0          0          262        
class_4	   342        0          1          0          46         0          0          0          20         1          80         3          6          2          344        0          1          1          0          116        
class_5	   373        0          0          0          8          0          0          0          403        2          4          3          11         0          182        0          1          0          0          1          
class_6	   256        0          0          0          508        2          23         0          8          0          23         1          1          2          80         0          14         1          0          56         
class_7	   569        0          0          0          32         1          313        0          3          3          0          0          2          0          43         0          1          20         0          3          
class_8	   650        0          0          0          12         243        23         0          0          2          0          1          0          1          32         0          2          18         2          10         
class_9	   458        6          3          0          4          0          1          0          1          4          0          0          1          0          37         0          479        0          0          0          
class_10	  378        0          0          0          8          0          1          0          0          2          0          1          0          1          15         0          587        6          0          0          
class_11	  413        0          1          0          4          0          1          0          24         2          8          3          360        0          44         0          2          128        0          1          
class_12	  685        0          0          0          21         0          17         0          25         0          9          7          20         1          173        0          2          8          0          16         
class_13	  820        0          0          0          0          0          0          0          3          15         0          0          0          0          72         71         1          4          4          0          
class_14	  563        0          0          0          4          0          1          23         5          2          1          328        0          1          35         0          2          22         0          0          
class_15	  344        4          0          0          0          0          0          0          2          195        0          2          0          0          19         0          1          19         410        1          
class_16	  396        2          0          0          3          0          2          1          2          9          0          2          0          0          7          0          1          482        3          0          
class_17	  390        296        3          0          1          0          0          0          0          35         0          0          0          0          6          0          2          204        3          0          
class_18	  450        1          0          0          3          0          2          0          0          16         0          1          0          0          9          0          3          238        52         0          
class_19	  300        8          7          0          0          0          2          0          2          138        0          1          1          0          7          1          0          61         100        0          
-----Logarithm NMF with r = 100-----
Homogeneity	0.2146
Completeness	0.2169
V-measure	0.2157
Adjusted Rand	0.0978
Adjusted Mutual	0.2121
Contingency Matrix
           cluster_0  cluster_1  cluster_2  cluster_3  cluster_4  cluster_5  cluster_6  cluster_7  cluster_8  cluster_9  cluster_10 cluster_11 cluster_12 cluster_13 cluster_14 cluster_15 cluster_16 cluster_17 cluster_18 cluster_19 
class_0	   9          2          105        38         4          68         15         21         91         0          6          201        41         2          2          5          9          32         97         51         
class_1	   132        26         4          19         182        74         89         17         37         39         86         54         23         3          1          54         106        17         10         0          
class_2	   222        25         0          19         228        99         63         3          32         67         38         39         8          3          2          56         62         13         4          2          
class_3	   107        49         0          16         68         79         69         7          17         336        16         30         3          1          3          103        61         11         4          2          
class_4	   50         116        2          19         42         81         88         15         44         254        8          34         10         3          1          114        55         23         2          2          
class_5	   423        16         0          11         114        57         68         13         31         11         95         35         5          0          0          20         75         4          5          5          
class_6	   7          408        3          13         33         66         36         48         21         111        16         8          11         11         0          50         113        14         3          3          
class_7	   10         114        7          133        13         98         84         55         92         3          11         63         49         2          2          84         50         84         11         25         
class_8	   11         89         3          196        7          86         53         60         146        4          8          52         70         4          1          58         25         87         16         20         
class_9	   7          20         7          174        2          103        42         53         79         0          0          44         17         367        0          2          34         23         14         6          
class_10	  6          12         2          191        0          83         34         66         53         0          3          30         15         449        0          4          23         6          15         7          
class_11	  20         20         3          21         32         78         20         25         57         18         54         48         39         3          342        49         30         25         48         59         
class_12	  41         85         2          31         23         55         71         33         34         64         46         23         48         5          9          236        85         76         4          13         
class_13	  9          5          3          18         4          81         45         38         61         1          36         50         188        1          0          17         57         348        20         8          
class_14	  15         32         12         93         20         79         51         87         117        5          62         55         104        3          10         51         44         97         18         32         
class_15	  2          4          455        8          4          54         25         35         82         0          13         71         41         2          2          2          34         16         123        24         
class_16	  6          11         20         62         3          69         37         79         122        1          12         72         53         2          15         9          14         59         81         183        
class_17	  2          8          14         31         1          82         35         79         141        0          8          111        35         3          1          4          16         27         103        239        
class_18	  4          10         14         38         2          47         33         68         72         2          10         90         54         5          7          5          11         37         113        153        
class_19	  2          3          134        25         0          58         26         21         63         0          4          108        30         4          2          1          16         27         76         28         
-----Logarithm + Normalization NMF with r = 100-----
Homogeneity	0.2703
Completeness	0.2751
V-measure	0.2727
Adjusted Rand	0.1346
Adjusted Mutual	0.2679
Contingency Matrix
           cluster_0  cluster_1  cluster_2  cluster_3  cluster_4  cluster_5  cluster_6  cluster_7  cluster_8  cluster_9  cluster_10 cluster_11 cluster_12 cluster_13 cluster_14 cluster_15 cluster_16 cluster_17 cluster_18 cluster_19 
class_0	   27         5          2          115        61         28         107        0          167        7          8          154        4          15         0          10         72         6          9          2          
class_1	   10         116        22         101        3          17         3          13         52         16         59         7          258        61         90         97         7          23         5          13         
class_2	   7          66         16         115        3          10         1          25         26         6          293        4          143        38         154        42         2          28         4          2          
class_3	   6          73         72         76         0          7          1          274        13         20         87         3          23         61         189        24         2          44         2          5          
class_4	   12         47         445        100        3          14         0          84         27         21         45         6          13         49         46         10         2          33         4          2          
class_5	   8          127        13         108        7          9          1          2          40         7          369        9          124        27         28         82         2          21         1          3          
class_6	   3          112        57         75         6          20         0          110        17         52         13         10         11         44         53         21         4          348        16         3          
class_7	   18         57         3          118        29         54         1          0          46         448        6          10         5          109        16         12         20         32         3          3          
class_8	   22         35         5          130        30         154        3          2          87         317        9          18         4          100        6          5          26         34         8          1          
class_9	   17         41         1          153        10         155        5          1          94         25         9          15         3          5          1          3          9          49         397        1          
class_10	  11         20         2          91         12         176        1          0          47         10         3          9          0          6          0          4          16         21         570        0          
class_11	  21         30         14         90         75         9          4          9          55         7          17         15         22         52         4          73         56         17         5          416        
class_12	  27         110        73         78         7          25         0          46         42         89         45         1          23         247        18         56         16         64         5          12         
class_13	  464        62         4          119        42         50         12         0          64         17         5          20         7          44         2          45         13         16         3          1          
class_14	  59         60         11         130        58         77         11         6          120        73         17         26         19         109        4          79         45         52         17         14         
class_15	  15         38         2          66         35         15         329        0          39         4          4          372        4          8          0          17         31         8          8          2          
class_16	  31         11         0          113        161        70         15         0          156        39         10         29         3          26         4          24         167        23         8          20         
class_17	  19         16         2          104        125        39         29         0          92         5          4          20         3          9          0          9          439        17         4          4          
class_18	  39         14         1          89         202        30         16         1          126        9          7          29         0          10         0          16         147        16         13         10         
class_19	  31         14         3          89         51         15         121        0          72         12         2          156        1          5          1          4          40         2          5          4          
-----Normalization + Logarithm NMF with r = 100-----
Homogeneity	0.1672
Completeness	0.1690
V-measure	0.1681
Adjusted Rand	0.0718
Adjusted Mutual	0.1645
Contingency Matrix
           cluster_0  cluster_1  cluster_2  cluster_3  cluster_4  cluster_5  cluster_6  cluster_7  cluster_8  cluster_9  cluster_10 cluster_11 cluster_12 cluster_13 cluster_14 cluster_15 cluster_16 cluster_17 cluster_18 cluster_19 
class_0	   13         6          61         187        91         74         3          14         4          0          5          35         131        14         19         12         3          27         33         67         
class_1	   18         33         7          27         91         44         35         117        30         40         105        15         14         61         9          62         215        11         34         5          
class_2	   14         42         6          21         108        34         20         247        26         80         43         4          4          62         10         104        126        10         18         6          
class_3	   21         49         5          12         84         29         40         78         45         294        21         5          2          53         9          125        82         10         16         2          
class_4	   26         126        8          19         102        39         30         31         68         221        11         12         7          53         10         105        54         22         16         3          
class_5	   20         20         11         18         76         29         20         318        9          18         101        14         9          67         5          87         132        10         17         7          
class_6	   32         324        10         8          78         13         10         15         64         126        30         40         5          114        25         14         29         16         16         6          
class_7	   169        115        36         32         114        54         12         4          123        13         11         40         4          50         11         23         22         61         63         33         
class_8	   181        83         35         37         104        64         1          10         73         5          9          35         13         48         21         15         21         119        81         41         
class_9	   40         24         9          27         127        66         15         13         14         2          4          39         15         36         348        3          26         150        15         21         
class_10	  18         14         18         12         91         54         2          8          13         0          3          50         8          30         422        4          9          207        19         17         
class_11	  16         24         155        27         106        175        55         22         33         9          55         41         17         44         8          34         28         10         47         85         
class_12	  83         69         15         9          68         43         55         35         184        38         49         33         6          55         16         71         50         24         74         7          
class_13	  115        17         28         55         99         75         15         5          37         2          39         88         41         60         9          19         29         42         162        53         
class_14	  95         35         42         32         98         87         49         16         72         2          41         82         17         59         26         15         24         45         109        41         
class_15	  9          6          27         302        56         28         1          8          3          3          19         37         309        39         12         3          19         19         49         48         
class_16	  55         12         170        53         92         83         2          9          20         3          13         92         31         26         15         9          5          46         50         124        
class_17	  25         13         230        61         98         57         2          5          12         4          9          105        52         29         14         7          14         36         23         144        
class_18	  20         11         122        55         71         50         17         6          8          3          4          79         28         19         14         3          7          28         38         192        
class_19	  19         3          38         146        75         33         1          8          3          2          5          33         117        19         13         1          15         15         34         48         

