************************************************************
* Task 5 part(a): Testing param for LSI & NMF
************************************************************
-----[LSI] r = 1-----
Homogeneity	0.0167
Completeness	0.0180
V-measure	0.0173
Adjusted Rand	0.0034
Adjusted Mutual	0.0135
Contingency Matrix
           cluster_0  cluster_1  cluster_2  cluster_3  cluster_4  cluster_5  cluster_6  cluster_7  cluster_8  cluster_9  cluster_10 cluster_11 cluster_12 cluster_13 cluster_14 cluster_15 cluster_16 cluster_17 cluster_18 cluster_19 
class_0	   83         29         57         34         16         48         10         65         43         64         35         24         17         16         1          60         50         43         58         46         
class_1	   78         31         92         27         8          52         5          83         62         66         45         20         15         8          2          98         94         39         89         59         
class_2	   58         53         95         52         13         39         5          77         75         35         77         41         16         9          0          67         109        31         62         71         
class_3	   71         46         88         21         18         32         2          89         90         50         78         39         11         4          0          82         89         18         80         74         
class_4	   74         40         94         39         9          59         1          93         84         62         57         20         24         3          2          87         66         21         72         56         
class_5	   90         17         70         22         12         72         6          106        66         76         35         9          18         3          4          119        91         34         98         40         
class_6	   106        21         78         20         1          65         0          95         57         87         29         8          29         4          1          114        81         41         99         39         
class_7	   95         10         74         66         6          71         1          92         62         96         25         8          34         6          0          97         59         52         92         44         
class_8	   119        15         56         45         3          89         0          81         43         114        18         3          53         2          0          116        42         78         81         38         
class_9	   102        23         60         66         9          88         0          88         55         106        21         12         41         1          0          86         59         74         72         31         
class_10	  130        25         72         41         3          76         0          85         48         110        20         10         43         2          0          95         51         74         76         38         
class_11	  66         61         84         34         31         38         11         51         73         53         64         49         25         21         4          71         75         33         82         65         
class_12	  119        23         71         35         4          54         2          106        48         80         25         7          29         6          0          112        72         42         107        42         
class_13	  104        17         64         39         5          93         2          96         52         91         22         9          41         3          0          107        46         58         97         44         
class_14	  97         25         74         42         11         102        1          87         54         98         34         12         30         5          0          76         59         52         82         46         
class_15	  57         59         90         28         38         26         18         65         73         45         75         38         16         48         1          71         77         25         80         67         
class_16	  82         42         71         28         21         72         4          77         49         51         39         29         29         17         1          79         57         43         63         56         
class_17	  78         30         84         35         11         66         10         87         52         68         37         13         30         7          3          102        60         43         75         49         
class_18	  72         22         62         28         20         46         8          63         50         58         33         24         16         6          4          74         48         35         60         46         
class_19	  45         16         38         30         14         46         9          44         36         43         30         26         27         12         1          52         36         37         46         40         
-----[LSI] r = 2-----
Homogeneity	0.1784
Completeness	0.1907
V-measure	0.1843
Adjusted Rand	0.0520
Adjusted Mutual	0.1757
Contingency Matrix
           cluster_0  cluster_1  cluster_2  cluster_3  cluster_4  cluster_5  cluster_6  cluster_7  cluster_8  cluster_9  cluster_10 cluster_11 cluster_12 cluster_13 cluster_14 cluster_15 cluster_16 cluster_17 cluster_18 cluster_19 
class_0	   112        0          57         22         2          0          40         138        2          51         92         10         43         21         163        4          1          36         5          0          
class_1	   32         153        15         0          69         60         36         0          105        48         0          133        3          0          4          26         178        0          94         17         
class_2	   21         190        10         0          69         189        12         0          89         71         0          94         0          0          6          15         111        0          48         60         
class_3	   8          197        3          0          94         136        13         0          115        38         0          96         2          0          2          15         172        0          53         38         
class_4	   16         134        6          1          93         41         32         0          133        70         0          137        2          0          1          19         175        0          99         4          
class_5	   13         133        5          0          51         35         19         0          122        46         0          209        3          0          2          13         235        0          83         19         
class_6	   46         107        11         0          33         70         33         0          87         63         0          188        3          0          4          10         178        0          133        9          
class_7	   132        4          108        2          2          0          189        9          24         115        3          116        22         0          31         59         22         1          151        0          
class_8	   191        1          124        1          0          0          226        8          13         115        1          92         28         0          64         34         12         0          86         0          
class_9	   216        5          167        12         1          2          159        29         5          116        1          41         64         0          116        19         16         0          25         0          
class_10	  223        0          177        9          1          0          147        23         6          93         3          37         89         0          155        7          7          0          22         0          
class_11	  72         7          155        38         11         6          94         22         28         68         10         57         79         1          68         141        16         2          112        4          
class_12	  63         32         25         0          33         5          142        2          82         75         0          164        4          0          10         41         97         0          209        0          
class_13	  198        2          155        7          1          0          210        12         10         91         6          61         55         0          68         21         21         3          67         2          
class_14	  170        5          134        10         8          0          194        14         20         79         5          87         44         0          39         52         21         0          104        1          
class_15	  66         1          51         37         1          1          27         204        4          39         180        5          43         67         134        4          4          116        13         0          
class_16	  135        0          116        54         0          0          88         109        1          60         49         18         104        3          151        9          1          3          9          0          
class_17	  134        0          53         27         1          0          43         206        0          63         99         10         51         9          231        2          0          8          3          0          
class_18	  116        3          103        50         0          0          63         88         0          42         41         6          82         4          161        6          3          1          6          0          
class_19	  95         0          43         14         1          0          31         107        0          56         69         8          30         27         96         0          1          44         6          0          
-----[LSI] r = 3-----
Homogeneity	0.2224
Completeness	0.2427
V-measure	0.2321
Adjusted Rand	0.0725
Adjusted Mutual	0.2199
Contingency Matrix
           cluster_0  cluster_1  cluster_2  cluster_3  cluster_4  cluster_5  cluster_6  cluster_7  cluster_8  cluster_9  cluster_10 cluster_11 cluster_12 cluster_13 cluster_14 cluster_15 cluster_16 cluster_17 cluster_18 cluster_19 
class_0	   5          0          125        2          103        15         2          92         5          35         0          2          50         213        64         1          0          64         7          14         
class_1	   1          128        1          112        4          0          0          71         20         0          35         66         0          8          44         206        0          4          204        69         
class_2	   0          240        1          62         3          0          0          90         6          0          164        60         0          9          20         166        0          0          142        22         
class_3	   1          142        0          125        1          0          0          47         15         0          68         137        0          5          21         230        0          0          161        29         
class_4	   0          34         0          175        2          0          1          84         18         0          10         129        0          5          48         185        0          1          217        54         
class_5	   0          86         1          87         3          0          0          67         6          0          28         56         0          4          24         294        0          2          308        22         
class_6	   28         51         1          150        2          0          0          71         27         0          14         67         0          6          122        103        3          2          197        131        
class_7	   85         0          4          26         41         0          3          137        110        0          0          4          0          26         228        8          8          9          66         235        
class_8	   71         0          7          28         61         0          2          137        70         0          0          0          0          38         319        3          4          7          54         195        
class_9	   278        3          3          4          48         0          6          120        40         0          0          2          0          30         249        9          122        6          24         50         
class_10	  375        0          1          8          18         0          3          86         19         0          0          1          0          14         208        4          221        12         13         16         
class_11	  45         6          3          55         111        0          40         84         193        0          4          8          0          50         115        12         8          45         52         160        
class_12	  8          13         1          143        9          0          0          92         43         0          0          38         0          13         142        47         0          1          185        249        
class_13	  10         0          3          22         133        1          3          126        41         1          2          2          2          117        245        8          0          24         67         183        
class_14	  28         4          2          38         82         0          6          110        89         0          0          7          0          48         255        12         1          27         63         215        
class_15	  0          1          300        7          39         74         1          67         2          94         1          0          156        165        19         5          0          36         14         16         
class_16	  28         0          13         1          209        0          39         85         28         1          0          1          1          136        156        0          6          128        13         65         
class_17	  11         0          10         0          266        2          20         84         5          5          0          1          1          248        120        0          0          142        6          19         
class_18	  30         0          6          2          189        0          32         64         19         0          0          2          1          155        126        2          2          102        6          37         
class_19	  1          0          96         1          70         30         6          86         1          34         0          1          40         142        55         1          0          39         8          17         
-----[LSI] r = 5-----
Homogeneity	0.2741
Completeness	0.3053
V-measure	0.2889
Adjusted Rand	0.0947
Adjusted Mutual	0.2718
Contingency Matrix
           cluster_0  cluster_1  cluster_2  cluster_3  cluster_4  cluster_5  cluster_6  cluster_7  cluster_8  cluster_9  cluster_10 cluster_11 cluster_12 cluster_13 cluster_14 cluster_15 cluster_16 cluster_17 cluster_18 cluster_19 
class_0	   19         2          20         35         0          13         1          108        223        127        0          2          0          1          0          0          136        34         2          76         
class_1	   51         258        0          2          1          317        0          4          29         108        0          2          63         29         58         0          0          46         5          0          
class_2	   23         272        0          0          17         179        0          1          17         113        3          0          220        29         84         0          1          23         3          0          
class_3	   29         53         0          0          161        122        0          1          10         70         80         2          15         219        179        1          0          35         5          0          
class_4	   52         21         0          2          112        113        0          3          14         114        25         1          4          284        145        0          0          69         4          0          
class_5	   15         308        0          0          0          433        0          3          10         108        0          0          61         7          14         0          0          20         9          0          
class_6	   69         17         0          0          78         64         0          2          10         105        33         55         5          261        66         8          1          201        0          0          
class_7	   257        7          0          6          3          45         0          22         74         187        0          12         0          53         1          1          3          315        4          0          
class_8	   188        6          0          1          11         29         0          27         96         210        0          7          0          26         0          0          8          387        0          0          
class_9	   53         14         0          3          0          23         0          5          31         159        0          344        0          2          0          122        5          232        1          0          
class_10	  22         4          0          2          0          11         0          3          14         111        0          425        0          2          0          241        4          160        0          0          
class_11	  35         13         0          30         0          44         171        69         142        115        0          1          8          9          3          0          2          29         320        0          
class_12	  140        35         0          0          13         171        0          7          75         148        1          3          0          105        32         0          2          229        23         0          
class_13	  127        7          1          14         0          97         0          74         266        206        0          1          1          0          1          0          4          187        1          3          
class_14	  190        21         0          18         0          79         0          66         159        206        0          5          1          6          0          0          5          220        11         0          
class_15	  17         4          89         19         0          19         0          33         143        92         0          0          2          1          0          0          336        10         0          232        
class_16	  40         2          1          106        0          11         1          260        251        130        0          1          0          1          0          0          12         70         24         0          
class_17	  6          1          2          79         0          6          0          337        317        135        0          0          0          0          0          0          12         34         7          4          
class_18	  41         4          0          78         0          7          0          204        258        112        0          1          0          2          0          0          7          44         16         1          
class_19	  10         2          33         24         0          7          0          83         150        126        0          2          0          1          0          0          111        19         1          59         
-----[LSI] r = 10-----
Homogeneity	0.2734
Completeness	0.3229
V-measure	0.2961
Adjusted Rand	0.0793
Adjusted Mutual	0.2710
Contingency Matrix
           cluster_0  cluster_1  cluster_2  cluster_3  cluster_4  cluster_5  cluster_6  cluster_7  cluster_8  cluster_9  cluster_10 cluster_11 cluster_12 cluster_13 cluster_14 cluster_15 cluster_16 cluster_17 cluster_18 cluster_19 
class_0	   6          295        55         0          22         0          0          0          0          74         0          1          1          1          2          10         200        5          127        0          
class_1	   125        47         0          60         219        0          5          0          34         4          220        19         0          9          6          0          185        40         0          0          
class_2	   41         33         0          76         66         0          19         0          262        3          258        7          0          4          0          0          183        26         1          6          
class_3	   50         10         0          199        115        1          155        0          24         1          66         17         0          11         3          0          117        111        0          102        
class_4	   55         21         0          161        116        0          124        0          4          3          19         11         0          15         1          0          206        195        0          32         
class_5	   61         30         0          10         180        0          1          0          50         3          381        11         0          18         1          0          234        8          0          0          
class_6	   24         14         0          48         118        6          66         0          8          3          11         313        0          2          11         0          187        132        1          31         
class_7	   22         102        0          0          56         0          9          0          0          21         3          17         0          6          0          0          300        450        3          1          
class_8	   14         184        0          0          55         1          20         0          0          14         1          5          0          0          2          0          379        314        7          0          
class_9	   29         80         0          0          33         113        0          0          0          7          1          18         0          2          400        0          297        11         3          0          
class_10	  13         39         0          0          22         241        0          0          0          7          0          44         0          0          433        0          195        5          0          0          
class_11	  8          135        0          3          50         0          1          0          4          45         15         4          163        360        1          2          181        18         1          0          
class_12	  44         84         0          17         179        0          19         0          2          3          24         17         0          44         4          0          312        232        1          2          
class_13	  25         357        3          0          107        0          0          71         1          36         1          10         0          2          0          5          338        30         4          0          
class_14	  16         275        0          0          86         0          0          0          0          52         10         55         0          4          4          6          403        75         1          0          
class_15	  12         193        163        0          32         0          0          0          1          31         0          1          0          0          0          9          149        0          406        0          
class_16	  2          385        1          0          19         0          0          0          0          219        1          5          0          6          2          31         214        17         8          0          
class_17	  3          242        2          0          10         0          0          0          0          79         0          4          0          2          2          387        198        1          10         0          
class_18	  6          350        0          0          10         0          2          0          0          168        1          5          0          2          4          27         189        7          4          0          
class_19	  3          195        56         0          8          0          0          2          0          59         1          0          0          2          2          5          174        3          118        0          
-----[LSI] r = 20-----
Homogeneity	0.2887
Completeness	0.3565
V-measure	0.3190
Adjusted Rand	0.0718
Adjusted Mutual	0.2864
Contingency Matrix
           cluster_0  cluster_1  cluster_2  cluster_3  cluster_4  cluster_5  cluster_6  cluster_7  cluster_8  cluster_9  cluster_10 cluster_11 cluster_12 cluster_13 cluster_14 cluster_15 cluster_16 cluster_17 cluster_18 cluster_19 
class_0	   7          0          346        1          0          0          0          255        0          109        4          2          0          20         1          0          4          4          46         0          
class_1	   137        0          50         0          0          223        80         244        27         0          0          3          52         0          34         0          0          25         94         4          
class_2	   59         17         27         0          0          128        61         201        296        1          2          0          64         1          50         0          0          10         67         1          
class_3	   91         182        13         4          0          19         219        166        42         0          3          3          170        0          9          0          0          0          60         1          
class_4	   84         97         15         1          0          6          422        221        5          0          0          1          59         0          3          0          0          2          46         1          
class_5	   97         1          22         0          0          72         24         238        44         0          0          7          6          0          388        0          0          6          79         4          
class_6	   39         52         11         22         0          1          268        230        15         0          53         0          30         1          1          0          0          1          174        77         
class_7	   33         3          71         0          0          1          5          415        0          0          409        1          0          12         3          0          0          3          32         2          
class_8	   28         11         111        2          0          0          7          536        0          3          236        0          0          7          2          0          0          2          51         0          
class_9	   38         0          76         359        0          2          0          463        0          1          1          1          0          0          0          0          0          0          47         6          
class_10	  17         0          45         560        0          0          0          324        0          0          2          0          0          0          0          0          0          0          29         22         
class_11	  13         0          107        0          0          16         47         281        5          0          1          332        0          110        3          0          0          4          70         2          
class_12	  94         11         50         2          0          13         216        466        3          1          30         6          8          4          3          0          0          10         66         1          
class_13	  60         0          255        0          71         1          6          511        1          4          3          0          0          2          0          0          0          27         49         0          
class_14	  22         0          118        1          0          7          8          413        0          0          2          0          0          9          1          0          0          367        38         1          
class_15	  18         0          349        0          0          1          1          226        1          364        0          0          0          6          0          0          2          2          27         0          
class_16	  5          0          115        1          0          3          0          298        0          3          3          1          1          427        1          0          2          3          44         3          
class_17	  3          0          165        0          0          0          0          270        0          6          0          0          0          23         0          166        285        0          19         3          
class_18	  7          1          250        1          0          0          0          297        0          1          2          0          0          177        0          0          1          19         19         0          
class_19	  4          0          208        2          2          1          0          233        0          104        2          0          0          54         0          0          4          1          13         0          
-----[LSI] r = 50-----
Homogeneity	0.2889
Completeness	0.3878
V-measure	0.3311
Adjusted Rand	0.0626
Adjusted Mutual	0.2866
Contingency Matrix
           cluster_0  cluster_1  cluster_2  cluster_3  cluster_4  cluster_5  cluster_6  cluster_7  cluster_8  cluster_9  cluster_10 cluster_11 cluster_12 cluster_13 cluster_14 cluster_15 cluster_16 cluster_17 cluster_18 cluster_19 
class_0	   3          0          0          82         6          307        3          2          0          338        8          1          47         2          0          0          0          0          0          0          
class_1	   286        30         0          0          0          40         0          0          3          318        157        0          0          2          0          0          0          53         84         0          
class_2	   164        304        0          1          0          30         0          0          1          256        70         0          0          1          15         3          0          78         62         0          
class_3	   31         40         0          0          0          9          0          2          1          201        93         4          0          3          123        71         0          155        249        0          
class_4	   16         5          0          0          0          11         0          0          1          234        86         1          0          1          85         32         0          52         439        0          
class_5	   456        49         0          0          0          16         0          0          5          308        119        0          0          8          1          0          0          7          19         0          
class_6	   1          13         3          0          0          15         0          26         64         246        53         15         0          0          54         11         0          33         441        0          
class_7	   4          0          0          0          6          63         0          328        2          528        34         0          0          1          3          0          0          0          21         0          
class_8	   0          0          266        2          3          66         0          24         0          579        27         2          0          0          14         0          0          0          13         0          
class_9	   2          0          0          1          0          53         0          1          3          517        42         374        0          1          0          0          0          0          0          0          
class_10	  0          0          0          0          1          35         0          1          8          335        22         594        0          0          0          0          0          0          3          0          
class_11	  25         5          0          0          24         187        0          1          1          347        21         0          0          339        1          0          0          0          40         0          
class_12	  23         3          1          1          4          34         0          16         1          552        86         2          0          6          13         2          0          11         229        0          
class_13	  3          1          1          4          0          238        0          0          0          603        64         0          0          0          0          0          71         0          5          0          
class_14	  17         0          0          0          1          303        0          1          1          611        35         2          0          0          0          0          0          0          16         0          
class_15	  1          1          0          175        6          160        1          0          0          264        23         0          365        0          0          0          0          0          1          0          
class_16	  4          0          0          3          397        148        2          2          3          338        8          1          2          1          0          0          0          1          0          0          
class_17	  0          0          0          5          6          156        284        0          2          315        4          0          1          0          0          0          0          0          0          167        
class_18	  0          0          0          1          84         343        1          2          0          333        8          1          0          0          2          0          0          0          0          0          
class_19	  1          0          0          48         61         130        2          2          0          267        6          0          110        0          0          0          1          0          0          0          
-----[LSI] r = 100-----
Homogeneity	0.3020
Completeness	0.3928
V-measure	0.3415
Adjusted Rand	0.0649
Adjusted Mutual	0.2997
Contingency Matrix
           cluster_0  cluster_1  cluster_2  cluster_3  cluster_4  cluster_5  cluster_6  cluster_7  cluster_8  cluster_9  cluster_10 cluster_11 cluster_12 cluster_13 cluster_14 cluster_15 cluster_16 cluster_17 cluster_18 cluster_19 
class_0	   9          2          84         0          4          5          0          0          1          49         0          351        2          0          0          6          283        1          0          2          
class_1	   142        3          0          263        11         175        0          6          0          0          0          270        0          46         0          0          27         1          29         0          
class_2	   59         1          1          149        9          146        0          3          0          0          0          227        0          69         15         0          17         0          289        0          
class_3	   83         3          0          332        1          13         0          12         0          0          0          161        0          141        183        0          8          2          40         3          
class_4	   92         1          0          441        4          6          0          13         0          0          0          230        0          57         106        0          7          1          5          0          
class_5	   95         10         0          414        6          143        0          7          0          0          0          243        0          6          1          0          9          0          54         0          
class_6	   49         0          0          76         3          0          0          431        0          0          0          264        0          35         51         0          12         13         14         27         
class_7	   33         1          0          10         0          2          0          9          0          0          0          505        0          0          3          1          53         0          0          373        
class_8	   28         0          2          6          1          0          0          9          0          0          0          598        0          0          12         0          55         3          0          282        
class_9	   43         1          1          1          0          2          0          6          326        0          0          471        0          0          0          0          36         106        0          1          
class_10	  18         0          0          0          0          0          0          10         436        0          0          285        0          0          0          0          27         222        0          1          
class_11	  19         338        0          68         3          12         0          2          1          0          0          351        0          0          0          9          182        0          5          1          
class_12	  82         6          1          257        7          8          0          12         0          0          0          544        0          10         12         0          17         2          3          23         
class_13	  60         0          4          12         0          1          0          1          1          0          71         668        0          0          0          1          169        0          1          1          
class_14	  23         0          0          18         351        3          0          6          5          0          0          513        0          0          0          0          66         0          1          1          
class_15	  22         0          180        1          2          1          0          0          0          401        0          269        1          0          0          3          116        0          1          0          
class_16	  6          1          3          0          4          3          0          4          1          4          0          349        2          1          0          181        347        1          0          3          
class_17	  4          0          5          1          0          0          162        3          0          3          0          325        272        0          0          2          163        0          0          0          
class_18	  8          0          1          2          2          0          0          2          0          0          0          334        1          0          1          58         363        1          0          2          
class_19	  5          0          48         0          1          1          0          0          0          116        1          281        2          0          0          51         119        1          0          2          
-----[LSI] r = 300-----
Homogeneity	0.2538
Completeness	0.3645
V-measure	0.2992
Adjusted Rand	0.0476
Adjusted Mutual	0.2513
Contingency Matrix
           cluster_0  cluster_1  cluster_2  cluster_3  cluster_4  cluster_5  cluster_6  cluster_7  cluster_8  cluster_9  cluster_10 cluster_11 cluster_12 cluster_13 cluster_14 cluster_15 cluster_16 cluster_17 cluster_18 cluster_19 
class_0	   0          1          1          355        1          5          2          8          103        4          0          287        0          0          31         1          0          0          0          0          
class_1	   1          20         1          30         2          0          0          209        0          202        52         413        0          0          4          0          0          0          10         29         
class_2	   16         26         1          16         1          0          0          69         1          133        72         299        0          0          15         0          1          3          49         283        
class_3	   134        4          3          7          3          0          3          138        0          15         175        329        0          0          8          4          0          68         50         41         
class_4	   89         4          1          11         1          0          0          161        0          8          96         491        0          0          20         1          0          34         42         4          
class_5	   1          377        12         9          0          0          0          123        0          60         9          338        0          0          8          0          0          0          3          48         
class_6	   71         1          0          10         1          0          33         119        0          4          49         599        0          0          1          23         3          12         27         22         
class_7	   3          5          1          33         0          5          321        47         0          1          0          538        0          0          35         0          1          0          0          0          
class_8	   14         1          0          46         0          2          24         29         2          0          1          594        0          0          40         2          240        0          0          1          
class_9	   0          0          1          36         0          0          1          47         1          2          0          503        0          0          23         380        0          0          0          0          
class_10	  0          0          0          25         0          1          1          22         0          0          0          324        0          0          14         612        0          0          0          0          
class_11	  1          1          133        85         281        10         1          26         0          14         2          395        0          0          36         0          0          0          1          5          
class_12	  13         0          6          12         3          1          20         132        1          13         13         728        0          0          20         2          0          2          14         4          
class_13	  0          0          0          168        0          0          0          80         4          2          0          642        71         0          21         0          0          0          1          1          
class_14	  0          1          0          100        0          1          1          42         0          15         0          789        0          0          36         2          0          0          0          0          
class_15	  0          0          0          385        0          7          0          28         331        1          0          237        0          0          7          0          0          0          0          1          
class_16	  0          1          0          118        1          356        2          8          3          3          1          349        0          0          67         1          0          0          0          0          
class_17	  0          0          0          475        1          4          2          4          5          0          0          261        0          165        23         0          0          0          0          0          
class_18	  2          0          0          336        0          68         2          11         1          0          0          319        0          0          35         1          0          0          0          0          
class_19	  0          0          0          200        0          57         2          8          98         1          0          244        2          0          14         2          0          0          0          0          
-----[NMF] r = 1-----
Homogeneity	0.0057
Completeness	0.0152
V-measure	0.0082
Adjusted Rand	0.0001
Adjusted Mutual	0.0025
Contingency Matrix
           cluster_0  cluster_1  cluster_2  cluster_3  cluster_4  cluster_5  cluster_6  cluster_7  cluster_8  cluster_9  cluster_10 cluster_11 cluster_12 cluster_13 cluster_14 cluster_15 cluster_16 cluster_17 cluster_18 cluster_19 
class_0	   626        8          25         5          3          16         12         0          3          0          22         16         5          0          1          8          13         22         2          12         
class_1	   754        14         16         13         4          10         29         0          4          5          15         17         14         0          1          16         21         21         2          17         
class_2	   786        22         16         8          1          9          12         1          6          4          15         21         13         0          0          19         19         22         7          4          
class_3	   782        13         22         6          0          9          18         1          8          5          19         25         15         0          0          7          24         19         4          5          
class_4	   775        16         20         8          2          7          18         0          5          2          21         16         14         0          0          19         21         13         5          1          
class_5	   767        13         20         7          2          19         11         0          4          6          25         20         10         0          4          21         20         19         4          16         
class_6	   813        14         15         6          5          11         10         0          4          3          12         20         8          0          1          11         11         15         5          11         
class_7	   766        19         28         6          5          4          18         0          4          6          23         20         17         0          0          17         33         14         8          2          
class_8	   770        16         28         8          3          7          27         1          6          4          23         19         10         1          1          18         26         17         9          2          
class_9	   801        10         26         4          3          16         14         0          5          4          25         22         8          0          0          6          17         18         9          6          
class_10	  796        20         17         8          0          16         16         0          2          5          17         23         13         0          1          18         21         12         7          7          
class_11	  741        10         26         4          2          23         15         0          3          4          32         34         5          0          1          17         19         39         3          13         
class_12	  771        8          19         9          2          11         26         0          8          6          27         27         9          0          0          14         22         17         6          2          
class_13	  751        13         25         6          0          19         20         0          6          1          24         29         10         0          0          16         24         30         2          14         
class_14	  752        18         27         14         3          15         14         1          7          4          18         26         11         0          0          12         31         14         5          15         
class_15	  725        10         28         4          2          32         17         0          2          5          32         26         12         0          0          14         21         38         6          23         
class_16	  709        10         24         12         0          11         13         0          4          1          25         23         9          0          1          18         21         19         1          9          
class_17	  684        7          29         6          0          37         16         0          2          3          26         31         8          0          0          9          17         34         0          31         
class_18	  582        10         25         4          0          15         11         1          3          0          22         27         4          1          1          16         13         19         3          18         
class_19	  510        5          9          2          1          15         3          0          4          2          12         15         4          0          1          7          10         15         1          12         
-----[NMF] r = 2-----
Homogeneity	0.0304
Completeness	0.0797
V-measure	0.0440
Adjusted Rand	0.0012
Adjusted Mutual	0.0271
Contingency Matrix
           cluster_0  cluster_1  cluster_2  cluster_3  cluster_4  cluster_5  cluster_6  cluster_7  cluster_8  cluster_9  cluster_10 cluster_11 cluster_12 cluster_13 cluster_14 cluster_15 cluster_16 cluster_17 cluster_18 cluster_19 
class_0	   634        28         0          0          4          0          16         0          47         0          0          0          55         0          0          3          0          12         0          0          
class_1	   715        47         13         6          8          2          30         4          36         16         1          9          37         1          0          8          5          23         1          11         
class_2	   422        16         91         73         1          34         24         31         9          85         7          80         17         9          1          4          28         15         7          31         
class_3	   715        37         22         2          2          2          19         13         25         12         0          22         51         1          1          10         4          22         3          19         
class_4	   768        43         1          1          2          0          35         2          29         2          0          2          43         0          0          10         0          23         1          1          
class_5	   680        21         17         9          4          5          26         20         40         14         3          31         41         2          0          11         8          18         2          36         
class_6	   786        20         9          1          8          0          25         7          24         7          0          11         36         1          0          9          0          15         0          16         
class_7	   756        52         3          0          9          0          37         2          29         1          0          5          56         0          0          11         1          24         1          3          
class_8	   769        56         1          0          7          0          35         1          33         1          0          0          57         0          2          14         0          20         0          0          
class_9	   805        34         0          0          5          0          16         0          42         0          0          0          64         0          0          14         0          14         0          0          
class_10	  800        39         0          0          0          0          39         1          34         0          0          0          51         0          1          14         0          20         0          0          
class_11	  744        43         0          1          5          0          27         0          76         1          0          2          73         0          0          8          0          9          0          2          
class_12	  767        55         0          1          6          0          22         1          38         2          0          1          54         0          0          15         0          19         0          3          
class_13	  757        52         1          0          0          0          29         0          64         0          0          0          60         0          0          9          0          16         0          2          
class_14	  761        53         0          0          5          0          30         0          39         0          0          0          56         0          1          13         0          26         0          3          
class_15	  737        42         0          1          3          0          24         0          88         0          0          0          74         0          0          10         0          18         0          0          
class_16	  711        38         0          0          2          0          28         2          42         0          0          1          57         0          0          2          0          24         0          3          
class_17	  704        36         0          0          0          0          16         0          92         0          0          0          73         0          0          4          0          15         0          0          
class_18	  588        28         0          0          1          0          26         0          52         1          0          0          60         0          2          5          0          9          0          3          
class_19	  516        17         0          0          3          0          12         0          36         0          0          1          29         0          0          4          0          8          0          2          
-----[NMF] r = 3-----
Homogeneity	0.0512
Completeness	0.1238
V-measure	0.0724
Adjusted Rand	0.0032
Adjusted Mutual	0.0480
Contingency Matrix
           cluster_0  cluster_1  cluster_2  cluster_3  cluster_4  cluster_5  cluster_6  cluster_7  cluster_8  cluster_9  cluster_10 cluster_11 cluster_12 cluster_13 cluster_14 cluster_15 cluster_16 cluster_17 cluster_18 cluster_19 
class_0	   529        14         0          31         3          0          54         0          9          0          37         0          33         14         0          1          0          0          53         21         
class_1	   721        42         19         0          11         12         56         0          0          5          56         2          0          22         6          1          15         4          1          0          
class_2	   421        32         101        0          2          85         18         9          0          37         24         19         1          13         77         1          109        36         0          0          
class_3	   714        27         14         0          6          34         44         1          0          13         66         4          0          22         3          1          28         2          3          0          
class_4	   768        44         2          0          6          2          52         0          0          2          58         0          0          25         1          0          2          0          1          0          
class_5	   690        36         20         0          9          54         54         2          0          21         39         4          0          18         10         1          24         5          1          0          
class_6	   786        32         7          0          11         25         39         1          0          7          37         0          1          17         1          0          9          0          2          0          
class_7	   752        48         1          0          16         6          62         0          0          2          69         2          0          22         0          0          4          0          5          1          
class_8	   763        47         1          0          11         0          64         0          0          1          73         0          2          24         0          2          1          0          5          2          
class_9	   799        23         0          0          13         0          74         0          0          0          57         0          2          19         0          0          0          0          6          1          
class_10	  798        47         0          0          6          0          57         0          0          1          61         0          0          23         0          1          0          0          5          0          
class_11	  747        33         1          0          7          4          109        0          0          0          71         0          1          13         1          1          0          0          1          2          
class_12	  765        33         2          0          9          4          67         0          0          1          75         0          1          24         1          0          0          0          2          0          
class_13	  754        38         0          2          1          1          86         0          1          0          79         0          1          19         0          0          1          0          7          0          
class_14	  761        41         0          0          9          2          66         0          0          0          73         0          0          28         0          1          0          0          5          1          
class_15	  460        21         0          58         8          0          57         0          38         0          36         0          89         14         1          0          0          0          164        51         
class_16	  701        30         0          0          2          3          68         0          1          2          63         0          4          24         0          0          0          0          9          3          
class_17	  706        23         0          2          3          0          117        0          1          0          66         0          2          12         0          0          0          0          5          3          
class_18	  588        32         1          0          2          2          72         0          0          0          55         0          2          9          0          2          0          0          9          1          
class_19	  419        15         0          19         4          2          36         0          17         0          21         0          25         7          0          0          0          0          51         12         
-----[NMF] r = 5-----
Homogeneity	0.0734
Completeness	0.1576
V-measure	0.1001
Adjusted Rand	0.0037
Adjusted Mutual	0.0703
Contingency Matrix
           cluster_0  cluster_1  cluster_2  cluster_3  cluster_4  cluster_5  cluster_6  cluster_7  cluster_8  cluster_9  cluster_10 cluster_11 cluster_12 cluster_13 cluster_14 cluster_15 cluster_16 cluster_17 cluster_18 cluster_19 
class_0	   534        18         0          2          16         1          0          68         0          53         68         2          33         0          4          0          0          0          0          0          
class_1	   714        33         8          5          0          1          17         68         0          0          1          5          71         6          11         1          20         1          11         0          
class_2	   411        21         81         8          0          0          120        27         2          1          0          0          35         41         3          8          116        27         84         0          
class_3	   578        29         3          76         0          1          30         62         33         0          2          2          44         7          6          54         16         1          37         1          
class_4	   671        33         1          65         0          1          2          56         9          0          0          3          64         0          6          46         2          0          4          0          
class_5	   690        28         11         2          0          1          33         75         0          0          1          0          43         15         10         1          21         5          52         0          
class_6	   678        28         1          48         0          11         10         56         10         0          3          19         33         3          8          31         7          1          25         3          
class_7	   707        36         0          44         0          0          4          84         2          0          4          1          82         4          12         3          1          0          6          0          
class_8	   729        31         0          16         0          1          1          88         3          1          5          2          89         1          13         14         1          0          0          1          
class_9	   663        26         0          5          0          53         0          81         0          1          6          107        35         0          9          0          0          0          0          8          
class_10	  589        30         0          0          0          90         0          50         0          0          3          150        47         0          6          0          0          0          1          33         
class_11	  750        18         1          4          0          0          0          140        0          0          2          4          60         0          7          0          1          0          4          0          
class_12	  737        32         1          23         0          3          1          89         0          1          1          7          70         0          9          5          2          0          3          0          
class_13	  760        25         0          0          2          0          1          120        0          2          6          0          71         0          1          0          0          0          2          0          
class_14	  761        39         0          4          0          1          0          90         0          0          5          2          74         0          9          0          0          0          2          0          
class_15	  485        23         1          2          51         0          0          82         0          98         209        0          38         0          8          0          0          0          0          0          
class_16	  705        28         0          3          1          0          0          92         0          2          6          6          60         0          2          0          0          0          5          0          
class_17	  717        16         0          2          2          0          0          142        0          3          7          0          48         0          3          0          0          0          0          0          
class_18	  584        17         0          2          0          1          0          102        0          0          9          6          45         0          4          2          1          0          2          0          
class_19	  422        13         0          2          23         2          0          52         0          25         58         4          22         0          4          0          0          0          1          0          
-----[NMF] r = 10-----
Homogeneity	0.0810
Completeness	0.1601
V-measure	0.1076
Adjusted Rand	0.0047
Adjusted Mutual	0.0780
Contingency Matrix
           cluster_0  cluster_1  cluster_2  cluster_3  cluster_4  cluster_5  cluster_6  cluster_7  cluster_8  cluster_9  cluster_10 cluster_11 cluster_12 cluster_13 cluster_14 cluster_15 cluster_16 cluster_17 cluster_18 cluster_19 
class_0	   6          532        28         0          0          0          52         0          0          0          1          0          71         85         12         3          7          1          1          0          
class_1	   100        592        71         5          0          27         0          0          0          0          6          27         1          95         0          28         14         6          1          0          
class_2	   31         379        44         46         6          182        1          0          0          0          0          219        0          41         0          11         11         12         2          0          
class_3	   88         499        47         3          61         18         0          1          0          0          2          59         2          84         0          16         13         86         3          0          
class_4	   88         573        72         0          33         3          0          0          0          1          4          6          0          74         0          15         11         81         2          0          
class_5	   97         587        58         7          1          32         0          0          0          0          1          73         1          83         0          26         16         2          4          0          
class_6	   51         633        41         1          19         8          0          6          0          0          23         28         3          70         0          8          15         66         3          0          
class_7	   44         666        68         0          3          2          0          0          0          0          0          10         4          119        0          10         20         37         7          0          
class_8	   28         695        69         0          11         1          1          1          0          0          2          2          6          124        0          7          23         21         5          0          
class_9	   25         642        32         0          0          0          1          21         0          0          125        0          6          106        0          13         17         4          2          0          
class_10	  12         596        42         0          0          0          0          55         0          0          190        1          3          79         0          6          14         0          1          0          
class_11	  16         716        43         0          0          2          0          0          0          7          1          2          2          154        0          5          11         4          28         0          
class_12	  68         667        51         0          3          3          1          0          0          0          10         2          2          123        0          11         20         21         2          0          
class_13	  41         654        54         0          0          0          3          0          0          0          0          2          6          141        1          9          7          0          2          70         
class_14	  23         735        63         0          0          0          0          0          0          1          3          0          5          127        0          10         17         2          1          0          
class_15	  19         465        38         0          0          1          95         0          0          0          0          0          215        100        45         3          12         1          3          0          
class_16	  12         692        56         0          0          0          2          0          0          0          4          4          6          120        1          0          4          3          6          0          
class_17	  6          680        39         0          0          0          3          0          58         0          0          0          7          135        2          2          4          2          2          0          
class_18	  4          583        37         0          1          1          0          0          0          0          5          0          9          116        0          3          7          3          6          0          
class_19	  5          425        22         0          0          0          27         1          0          0          4          1          57         57         20         0          6          1          0          2          
-----[NMF] r = 20-----
Homogeneity	0.0920
Completeness	0.1499
V-measure	0.1141
Adjusted Rand	0.0068
Adjusted Mutual	0.0890
Contingency Matrix
           cluster_0  cluster_1  cluster_2  cluster_3  cluster_4  cluster_5  cluster_6  cluster_7  cluster_8  cluster_9  cluster_10 cluster_11 cluster_12 cluster_13 cluster_14 cluster_15 cluster_16 cluster_17 cluster_18 cluster_19 
class_0	   453        20         0          0          87         1          0          0          0          7          0          2          78         0          9          84         0          0          58         0          
class_1	   491        44         45         0          0          6          1          1          5          114        27         0          117        0          35         11         0          0          66         10         
class_2	   323        31         282        0          1          0          9          2          1          32         38         0          61         1          38         15         0          0          23         128        
class_3	   378        37         55         1          0          2          93         47         1          81         91         0          73         2          54         6          0          0          55         6          
class_4	   444        37         3          0          0          3          62         31         2          92         39         0          102        1          61         15         0          0          69         2          
class_5	   520        41         79         0          0          1          1          0          5          92         5          0          101        3          51         9          0          0          59         21         
class_6	   565        33         24         6          1          23         41         13         58         46         30         19         77         1          5          8          0          0          23         2          
class_7	   443        46         10         0          0          0          15         0          2          38         1          188        118        3          38         24         0          0          64         0          
class_8	   606        43         3          1          2          2          21         0          0          30         1          24         157        1          17         24         1          0          63         0          
class_9	   590        34         0          21         2          125        1          0          2          33         0          1          102        2          9          15         0          0          57         0          
class_10	  535        32         0          55         0          187        0          0          7          15         1          1          90         0          9          23         0          0          44         0          
class_11	  593        22         2          0          1          1          0          0          2          18         2          1          146        19         14         86         2          0          81         1          
class_12	  574        41         4          0          1          8          7          1          2          68         10         10         133        2          25         17         0          0          80         1          
class_13	  582        27         1          0          4          0          0          0          0          40         0          0          154        1          29         55         0          0          97         0          
class_14	  635        47         0          0          0          3          0          0          1          26         0          0          146        1          21         36         1          0          70         0          
class_15	  474        31         0          0          198        0          0          0          0          21         0          0          108        1          13         78         0          0          72         1          
class_16	  510        28         0          0          4          4          0          0          3          9          3          4          118        2          10         106        43         0          66         0          
class_17	  542        19         0          0          6          0          0          0          3          7          0          2          132        1          8          111        0          57         52         0          
class_18	  442        18         1          0          2          4          3          0          1          7          0          1          109        3          15         115        2          0          52         0          
class_19	  386        15         1          1          60         4          0          0          0          4          0          2          53         0          5          44         4          0          49         0          
-----[NMF] r = 50-----
Homogeneity	0.0983
Completeness	0.1590
V-measure	0.1215
Adjusted Rand	0.0074
Adjusted Mutual	0.0953
Contingency Matrix
           cluster_0  cluster_1  cluster_2  cluster_3  cluster_4  cluster_5  cluster_6  cluster_7  cluster_8  cluster_9  cluster_10 cluster_11 cluster_12 cluster_13 cluster_14 cluster_15 cluster_16 cluster_17 cluster_18 cluster_19 
class_0	   8          0          21         447        0          0          78         11         1          0          0          1          0          60         78         87         0          0          0          7          
class_1	   34         1          44         494        10         1          118        3          3          0          45         0          5          65         8          0          0          0          27         115        
class_2	   38         12         30         325        128        0          61         5          0          0          281        0          1          21         12         1          1          0          39         30         
class_3	   54         97         37         378        6          44         73         6          2          0          55         0          1          49         6          0          1          0          92         81         
class_4	   59         69         37         443        1          25         104        6          2          0          4          0          2          66         12         0          1          0          43         89         
class_5	   53         1          41         518        20         0          99         2          1          0          81         0          5          59         8          0          1          0          5          94         
class_6	   5          53         33         572        2          3          80         1          26         5          24         0          60         26         7          1          0          0          30         47         
class_7	   40         17         47         549        0          0          152        11         0          2          10         0          3          89         25         0          0          0          1          44         
class_8	   15         18         36         496        0          0          113        11         3          211        3          0          0          47         19         2          0          0          1          21         
class_9	   9          1          34         609        0          0          108        4          115        0          0          0          2          60         14         2          0          0          0          36         
class_10	  11         0          32         569        0          0          96         7          183        0          0          0          7          55         21         0          0          0          1          17         
class_11	  14         0          23         592        1          0          153        5          0          0          2          0          2          84         81         1          13         0          2          18         
class_12	  26         7          41         584        1          1          136        3          4          0          4          0          2          80         15         1          0          0          10         69         
class_13	  27         0          27         589        0          0          156        3          0          0          1          0          0          94         49         4          0          0          0          40         
class_14	  21         0          46         623        0          0          149        8          2          0          0          0          1          72         38         0          1          0          0          26         
class_15	  11         0          31         468        1          0          110        4          0          0          0          0          0          78         69         204        0          0          0          21         
class_16	  9          0          29         504        0          0          116        6          2          0          0          1          3          64         160        4          0          0          3          9          
class_17	  6          0          18         461        0          0          113        6          0          0          0          143        3          45         75         6          1          57         0          6          
class_18	  15         3          17         445        0          0          112        5          2          0          1          1          1          48         114        2          2          0          0          7          
class_19	  5          0          15         374        0          0          54         9          3          0          1          1          0          46         54         63         0          0          0          3          
-----[NMF] r = 100-----
Homogeneity	0.1039
Completeness	0.1672
V-measure	0.1281
Adjusted Rand	0.0090
Adjusted Mutual	0.1009
Contingency Matrix
           cluster_0  cluster_1  cluster_2  cluster_3  cluster_4  cluster_5  cluster_6  cluster_7  cluster_8  cluster_9  cluster_10 cluster_11 cluster_12 cluster_13 cluster_14 cluster_15 cluster_16 cluster_17 cluster_18 cluster_19 
class_0	   88         2          0          447        21         0          7          0          0          89         0          0          81         0          11         0          0          0          53         0          
class_1	   0          6          0          479        46         46         115        0          10         9          1          7          117        0          4          1          5          0          101        26         
class_2	   1          0          1          316        30         285        33         0          129        13         2          6          58         0          6          9          1          0          56         39         
class_3	   0          1          2          368        37         56         80         0          6          6          48         5          78         0          6          93         1          2          97         96         
class_4	   0          2          1          373        32         2          89         0          2          10         30         135        86         0          6          60         2          1          95         37         
class_5	   0          0          3          511        41         81         95         0          21         9          0          1          102        0          3          1          5          1          108        6          
class_6	   1          21         0          565        34         24         45         0          2          9          12         7          80         4          1          44         60         8          28         30         
class_7	   0          0          2          551        47         10         43         0          0          32         0          0          152        2          11         15         3          0          121        1          
class_8	   2          2          0          498        36         3          21         1          0          18         0          1          115        210        12         17         0          1          58         1          
class_9	   2          136        2          575        34         0          33         0          0          18         0          0          96         0          5          1          2          30         60         0          
class_10	  0          195        0          522        33         0          15         0          0          23         0          0          87         0          7          0          7          66         43         1          
class_11	  1          1          18         590        23         2          18         2          1          85         0          8          155        0          5          0          2          0          78         2          
class_12	  1          8          1          576        41         4          69         0          1          18         1          3          140        0          4          7          2          1          97         10         
class_13	  4          0          1          584        27         1          40         0          0          52         0          0          155        0          3          0          0          0          123        0          
class_14	  0          3          1          625        48         0          26         1          0          40         0          1          149        0          9          0          1          0          83         0          
class_15	  205        0          1          452        31         0          20         0          1          97         0          0          110        0          4          0          0          0          76         0          
class_16	  4          4          0          510        28         0          9          44         0          111        0          0          123        0          7          0          3          0          64         3          
class_17	  6          0          1          447        19         0          6          0          0          296        0          0          113        0          7          0          3          0          42         0          
class_18	  2          6          2          440        18         1          7          2          0          118        0          0          113        0          5          3          1          0          57         0          
class_19	  62         4          0          374        15         1          3          4          0          55         0          1          55         0          10         0          0          1          43         0          
-----[NMF] r = 300-----
Homogeneity	0.1033
Completeness	0.1722
V-measure	0.1291
Adjusted Rand	0.0088
Adjusted Mutual	0.1003
Contingency Matrix
           cluster_0  cluster_1  cluster_2  cluster_3  cluster_4  cluster_5  cluster_6  cluster_7  cluster_8  cluster_9  cluster_10 cluster_11 cluster_12 cluster_13 cluster_14 cluster_15 cluster_16 cluster_17 cluster_18 cluster_19 
class_0	   0          133        0          0          1          92         10         7          80         21         0          2          0          0          41         0          412        0          0          0          
class_1	   0          75         10         0          3          0          2          117        121        46         46         7          0          29         0          2          514        0          1          0          
class_2	   1          41         130        0          0          1          3          32         60         30         287        5          0          39         0          1          339        0          16         0          
class_3	   2          47         6          0          2          0          4          82         77         38         54         25         0          103        0          0          407        0          130        5          
class_4	   1          76         2          0          2          0          6          95         109        38         4          9          0          45         0          1          485        0          86         4          
class_5	   3          57         20         0          1          1          2          97         100        43         82         9          0          6          0          3          563        0          1          0          
class_6	   1          25         2          0          24         3          1          41         80         35         25         48         0          35         0          49         543        5          54         4          
class_7	   3          96         0          0          0          2          10         45         155        48         10         11         0          1          0          2          589        2          16         0          
class_8	   0          61         0          1          3          5          9          20         114        35         3          11         0          1          0          0          504        210        19         0          
class_9	   2          77         0          0          124        6          3          34         104        35         0          11         0          0          0          1          596        0          1          0          
class_10	  0          66         0          0          201        3          7          15         95         33         0          7          0          1          0          7          564        0          0          0          
class_11	  20         168        1          2          0          2          4          18         166        23         2          5          0          2          0          1          577        0          0          0          
class_12	  2          80         1          0          4          2          2          67         136        40         4          25         0          10         0          0          590        0          10         11         
class_13	  1          140        0          0          0          3          3          40         163        27         1          8          0          0          3          0          601        0          0          0          
class_14	  1          97         0          1          2          4          7          26         150        47         0          13         0          0          0          1          638        0          0          0          
class_15	  1          126        1          0          0          249        3          20         95         32         0          0          0          0          94         0          376        0          0          0          
class_16	  1          173        0          46         2          5          6          8          126        28         0          11         1          3          1          3          496        0          0          0          
class_17	  1          191        0          0          0          7          6          5          123        18         0          3          142        0          3          1          440        0          0          0          
class_18	  3          182        0          2          2          5          2          7          120        18         1          9          1          0          0          0          420        0          3          0          
class_19	  0          92         0          4          3          78         6          3          52         15         1          1          1          0          36         0          336        0          0          0          

